Template: NONE
DangerType: None
RainIntensity: 0.1
RumbleIntensity: 0.1
Clouds: 0.5
Grime: 0.15
Palette: 8
EffectColorB: 9
Effects: Fog-0.1521739-20-20, DayNight-0.75-20-20, 
PlacedObjects: DayNightSettings><-137.864><88.60338><5~8.660254~4985~10, LightBeam><182.6881><1987.94><40~1132~278~1132~309~-1~-289~603~0.03043498~0.1086956~0.9021739~1~None~0~0, ColouredLightSource><343.5538><3111.289><-34~-288~E9FFB4~360^-754~0.05434782~True~0~0~0.5~Always~0~100, CustomDecal><118.6998><2572.241><-17~551~276~560~242~-20~242~103~0~1~1~rustb1~0.2608696~0.7065217~0.5652174~1~0.2934783~0.4782609~0.3586957~0.6956522, CustomDecal><299><2353><-17~551~276~560~251~-102~242~103~0~1~1~rustb2~0.2608696~0.7065217~0.5652174~1~0.2934783~0.4782609~0.3586957~0.6956522, CustomDecal><216><2761><-17~551~399~559~387~-18~141~-172~0~1~1~rustb3~0.2608696~0.7065217~0.5652174~1~0.2934783~0.4782609~0.3586957~0.6956522, CustomDecal><332><1708><-17~551~276~560~243~-85~242~103~0~1~1~rustb1~0.2608696~0.7065217~0.5652174~1~0.2934783~0.4782609~0.3586957~0.6956522, CustomDecal><133><1984><-17~551~276~492~265~74~242~103~0~1~1~rustb2~0.2608696~0.7065217~0.5652174~1~0.2934783~0.4782609~0.3586957~0.6956522, CustomDecal><75><1335><-3~769~399~762~387~-18~141~-172~0~1~1~rustb3~0.2608696~0.7065217~0.5652174~1~0.2934783~0.4782609~0.3586957~0.6956522, CustomDecal><324><820><-9~697~266~778~242~-20~242~103~0~1~1~rustb1~0.2608696~0.7065217~0.5652174~1~0.2934783~0.4782609~0.3586957~0.6956522, CustomDecal><104><715><-8~787~398~655~387~-18~141~-172~0~1~1~rustb3~0.2608696~0.7065217~0.5652174~1~0.2934783~0.4782609~0.3586957~0.6956522, ColouredLightSource><355><467.0002><-34~-288~E9FFB4~360^-754~0.05434782~True~1~0~0.5~Always~0~100, CustomDecal><-13><208><-17~551~276~560~242~-20~242~103~0~1~1~rustb1~0.2608696~0.7065217~0.5652174~1~0.2934783~0.4782609~0.3586957~0.6956522, CustomDecal><552><124><-17~551~276~560~251~-102~242~103~0~1~1~rustb2~0.2608696~0.7065217~0.5652174~1~0.2934783~0.4782609~0.3586957~0.6956522, CustomDecal><122><64.00003><-195~198~578~178~387~-18~141~-172~0~1~1~rustb3~0.2608696~0.7065217~0.5652174~1~0.2934783~0.4782609~0.3586957~0.6956522, CustomDecal><1400><211><-41~367~297~402~242~-20~242~103~0~1~1~rustb1~0.2608696~0.7065217~0.5652174~1~0.2934783~0.4782609~0.3586957~0.6956522, CustomDecal><856><279><-31~376~371~426~335~18~242~103~0~1~1~rustb2~0.2608696~0.7065217~0.5652174~1~0.2934783~0.4782609~0.3586957~0.6956522, PlacedWaterfall><310><3140><25~-282~1.173918~4, PlacedWaterfall><420><3140><92~-205~0.5217444~2, PlacedWaterfall><220><3140><-113~-235~0.5217444~2, 
AmbientSounds: OMNI><am_ind-midsex02.ogg><727.38><442.902><0.25><0.9608696, SPOT><so_wat-openflow.ogg><456.321><567.063><0.5><1><339.321><3115.063><21.64465><-57.35535><0.05434782><1, SPOT><so_wat-runningwater.ogg><328.1566><430.0731><0.25><1><339.1566><3064.073><243.6447><-498.3553><0.2065217><1, SPOT><so_wat-lightflow.ogg><699.1976><532.0311><0.5><1><330.1976><82.0311><-35.35534><-35.35534><0><0.252174, SPOT><so_wat-openflow.ogg><512.116><387.4129><0.4565217><1><331.1161><248.4129><-103.3553><-10.35535><0.3043478><0.502174, SPOT><so_wat-moredrips.ogg><796.0682><218.3333><0.2065217><1><328.0682><245.3333><-179.3553><-71.35535><0><0.05652187, SPOT><am_ind-welder.ogg><861.8016><331.7755><0.3586957><1><794.8017><173.7755><-105.3553><-42.35535><0><0.154348, SPOT><am_ind-electrichum03.ogg><86.21021><341.696><0.3586957><1><32.21027><635.696><-55.35535><-56.35535><0><0.1543478, SPOT><am_ind-50hz.ogg><761.1489><32.36646><0.4021739><1><1467.149><141.3665><-81.35535><-33.35534><0><0.502174, SPOT><am_ind-deephum.ogg><867.8134><493.5603><0.4565217><1><2124.813><717.5603><-245.3553><-120.3553><0><0.752174, 
FadePalette: 4986, 0.51327, 0.6006567, 0.7143797, 0.8667684, 0.9021739
RoomSpecificScriptActive: ON
