PlacedObjects: CustomDecal><2137.63><86.34808><-5~446~705~522~701~23~-271~100~0~1~0.75~rustb2~0.1521739~0.8043478~0.1521739~0.8043478~0.1521739~0.8043478~0.1521739~0.8043478, CustomDecal><202><-38><-5~700~706~691~701~23~-271~100~0~1~0.75~rustb2~0.25~0.8043478~0.25~0.8043478~0.25~0.8043478~0.25~0.8043478, CustomDecal><991><64><2~544~696~517~697~23~-271~100~0~1~0.75~rustb2~0.25~0.8043478~0.25~0.8043478~0.25~0.8043478~0.25~0.8043478, CustomDecal><2900><0.0006790161><-5~558~705~522~701~23~-271~100~0~1~0.75~rustb2~0.1521739~0.8043478~0.1521739~0.8043478~0.1521739~0.8043478~0.1521739~0.8043478, CustomDecal><3490.645><323.362><0~158~406~162~407~-2~-322~-2.999985~0.5543478~1~0.1086956~rabbit~0.4565217~0.2065217~0.4565217~0.2065217~0.4565217~0.2065217~0.4565217~0.2065217, CustomDecal><3337><310><0~158~238~167~236~-3~-322~-2.999985~0.2282609~1~0.1086956~frankencat~0.3586957~0.2065217~0.3586957~0.2065217~0.3586957~0.2065217~0.3586957~0.2065217, CustomDecal><2900><134><-2~103~513~101~500~17~-8~204~0.2065217~1~0.1086956~awfullongb&w~0.3043478~0.3586957~0.3043478~0.3586957~0.3043478~0.3586957~0.3043478~0.3586957, CustomDecal><2211><248><-5~248~230~246~228~0~-294~29~0.2065217~1~0.1086956~blackcloud~0.3043478~0.3586957~0.3043478~0.3586957~0.3043478~0.3586957~0.3043478~0.3586957, CustomDecal><1992><225><-3~121~536~120~536~-1~-87~97~0.2065217~1~0.4565217~jellyfish~0.1521739~0.3586957~0.1521739~0.3586957~0.1521739~0.3586957~0.1521739~0.3586957, CustomDecal><1247><257><-7~278~475~282~473~-3~-262~65~0.5434783~1~0.7065217~greysnakes~0.4021739~0.1086956~0.4021739~0.1086956~0.4021739~0.1086956~0.4021739~0.1086956, CustomDecal><1122><307><-4~186~219~196~212~-2~331~28~0.2065217~1~0.5543478~hauzzo~0.4565217~0.5~0.4565217~0.5~0.4565217~0.5~0.4565217~0.5, CustomDecal><113><289><-5~248~385~251~382~2~-294~29~0.2065217~1~0.1086956~squidangel~0.5~0.3586957~0.5~0.3586957~0.5~0.3586957~0.5~0.3586957, CustomDecal><397><118><0~158~406~162~407~-2~-322~-2.999985~0.2282609~1~0.1086956~purpleandwhitebubbly~0.3586957~0.2065217~0.3586957~0.2065217~0.3586957~0.2065217~0.3586957~0.2065217, 
FadePalette: 4984, 0.1086956, 0.2065217, 0.3043478, 0.4021739
MorePalette0: 4979, 0.1086956, 0.2065217, 0.3043478, 0.4021739
