DangerType: None
Clouds: 0.05
Grime: 0.35
Palette: 4976
EffectColorA: 10
EffectColorB: 2
Effects: Flies-0.3-20-20, RockFlea-0.2-89-112, SkyAndLightBloom-0.05-286.125-70.53333, 
AmbientSounds: OMNI><so_ind-carwash.ogg><699.474><341.8503><0.15><1, OMNI><so_wat-moredrips.ogg><722.4095><424.3416><0.5><1, OMNI><am_ind-fabrik01.ogg><697.3302><511.3943><0.3586957><0.3543478, 