EffectColorA: 13
EffectColorB: 13
PlacedObjects: ReliableSpear><1880.718><144.1974><, ReliableSpear><1810.192><110.6946><, CustomDecal><64.75919><-51.8075><0.708313~528.5333~741.2499~471.6445~737.7083~17.06666~-281.9167~-18.48889~0~1~0.5004529~runningwhite~0.05344208~1~0.05344208~1~0.05344208~1~0.05344208~1, CustomDecal><1065.333><0.4665565><7.791656~339.3777~729.9166~426.8445~743.375~-40.53334~-281.9167~-18.48889~0~1~0.5004529~runningwhite~0.05344208~1~0.05344208~1~0.05344208~1~0.05344208~1, 
FadePalette: 0, 0.2, 0.1
DayCycleEffectColors: a_0,0,0,0,0;a_1,0,0,0,0;a_2,0,0,0,0;a_3,0,0,0,0;b_0,0,0,0,0;b_1,0,0,0,0;b_2,0,0,0,0;b_3,0,0,0,0;
MorePalette0: 31, 0.1521739, 0.2065217
MorePalette1: 4979, 0.15, 0.1
