EffectColorA: 9
EffectColorB: 13
PlacedObjects: CustomDecal><294.2303><181.1126><-51.70831~1163.556~501.125~1291.555~451.5416~-78.22223~-279.7916~23.46667~0~1~0.5004531~voidgoop1~0.2074277~1~0.2074277~1~0.2074277~1~0.2074277~1, 
FadePalette: 0, 0.2, 0.1
DayCycleEffectColors: a_0,0,0,0,0;a_1,0,0,0,0;a_2,0,0,0,0;a_3,0,0,0,0;b_0,0,0,0,0;b_1,0,0,0,0;b_2,0,0,0,0;b_3,0,0,0,0;
MorePalette0: 31, 0.1521739, 0.4021739
MorePalette1: 4979, 0.2, 0.1
