EffectColorA: 9
EffectColorB: 13
Effects: ModifyEffectColorB-0,0.5,0.5543478-20-20, 
FadePalette: 0, 0.2065217, 0.1086956
DayCycleEffectColors: a_0,0,0,0,0;a_1,0,0,0,0;a_2,0,0,0,0;a_3,0,0,0,0;b_0,0,0,0,0;b_1,0,0,0,0;b_2,0,0,0,0;b_3,0,0,0,0;
MorePalette0: 31, 0.1521739, 0.4021739
MorePalette1: 4979, 0.2065217, 0.1086956
