Palette: 4988
PlacedObjects: DayNightSettings><3336.052><263.028><587~68.66025~4985~10, CustomDecal><360.3563><255.1694><-9~302~244~296~243~0~-292~-16.00002~0~1~0.5~mutantrabbit~0.1521739~0.5~0.1521739~0.5~0.1521739~0.5~0.1521739~0.5, CustomDecal><306><767><5~628~340~670~342~-39~-292~-16.00002~0~1~1~rust2~0.3043478~0.75~0.3043478~0.75~0.3043478~0.75~0.3043478~0.75, CustomDecal><97><1.322956><4~906~711~992~704~-16~-292~-16.00002~0~1~1~rust2~0.3043478~0.75~0.3043478~0.75~0.3043478~0.75~0.3043478~0.75, CustomDecal><341><415><-9~246~258~276~244~-1~-292~-16.00002~0~1~1~yellowrust2~0.1521739~0.75~0.1521739~0.75~0.1521739~0.75~0.1521739~0.75, LightSource><471.0875><1323.133><0.02173913~Environment~-675~-1185~-5~-161.3975~1~1~None~0~0, LightSource><483><1325><0.25~Environment~-173~-223~74~-75.39752~1~0~None~0~0, 
FadePalette: 4984, 0.8043478, 0.6086956
