Palette: 4976
EffectColorB: 2
PlacedObjects: DeepProcessing><1380.554><260.6926><-1~45~99~46~100~0~-52~128~0.3478261~1~0.5, DeepProcessing><1547><258><-1~45~99~46~100~0~-52~128~0.3478261~1~0.5, DeepProcessing><1384><334><1~122~17~122~16~1~-52~128~0.5~1~0.25, DeepProcessing><1501><331><1~122~17~122~16~1~-52~128~0.5~1~0.25, 
FadePalette: 4988, 0.9021739, 1
