Palette: 4987
PlacedObjects: DayNightSettings><3336.052><263.028><587~68.66025~4985~10, LightSource><184.4587><1384.946><0.2065217~Environment~675~-194~242~-51.39746~1~1~None~0~0, LightSource><1353><1282><0.2065217~Environment~-648~-202~-445~-101.3975~1~1~None~0~0, LightSource><1402><743.9207><0.2065217~Environment~-657~-304~-445~-101.3975~1~1~None~0~0, LightSource><388><737.1066><0.2065217~Environment~603~-199~242~-51.39746~1~1~None~0~0, LightSource><720><1466><0.1521739~Environment~591~-198~242~-51.39746~1~1~None~0~0, SnowSource><822.6204><1516.902><Radial~450~-691~-300~-183.3975~0.5~1, CustomDecal><450.825><203.5969><-4~736~567~762~559~-38~-271~17~0~1~0.6086956~rustb2~0.2065217~0.7065217~0.2065217~0.7065217~0.2065217~0.7065217~0.2065217~0.7065217, CustomDecal><36><14><-4~736~567~762~559~-38~-271~17~0~1~0.6086956~rustb2~0.2065217~0.7065217~0.2065217~0.7065217~0.2065217~0.7065217~0.2065217~0.7065217, CustomDecal><904><20><-4~736~567~762~559~-38~-271~17~0~1~0.6086956~rustb2~0.2065217~0.7065217~0.2065217~0.7065217~0.2065217~0.7065217~0.2065217~0.7065217, CustomDecal><506><802><-4~736~567~762~559~-38~-271~17~0~1~0.6086956~rustb2~0.2065217~0.7065217~0.2065217~0.7065217~0.2065217~0.7065217~0.2065217~0.7065217, LightSource><802><889><0.1521739~Environment~291~-901~242~-51.39746~1~1~None~0~0, CustomDecal><626><3.000004><-5~696~357~710~348~-31~-271~17~0~1~0.6086956~rustb2~0.3043478~0.4565217~0.3043478~0.4565217~0.3043478~0.4565217~0.3043478~0.4565217, CustomDecal><319><-16><0~603~556~553~551~39~-271~17~0~1~0.6086956~rustb2~0.2065217~0.7065217~0.2065217~0.7065217~0.2065217~0.7065217~0.2065217~0.7065217, CustomDecal><502><96><-8~271~489~268~481~-7~-271~17~0.1956522~1~0.5~squidsoup~0.3043478~0.3586957~0.3043478~0.3586957~0.3043478~0.3586957~0.3043478~0.3586957, 
AmbientSounds: SPOT><am_win-wndtone.ogg><737.137><189.3957><0.4021739><1><593.137><1393.396><764.6447><-494.3553><0><0.3065219, SPOT><am_win-nicewnd.ogg><884.8001><415.9934><0.5><1><924.8001><1316.993><-239.3553><-287.3553><0><0.3065221, 
FadePalette: 4989, 0.8043478, 0.6086956
MorePalette0: 4988, 0.05434782, 0.1086956
