Palette: 4988
PlacedObjects: DayNightSettings><3336.052><263.028><587~68.66025~4985~10, LightSource><1476.855><675.6122><0.1086956~Environment~-165~-145~-43~-280.3975~1~1~None~0~0, LightBeam><1122.868><419.1617><315~406~487~346~364~-250~102~-156~0.3999999~0.2065217~0~1~None~0~0, CustomDecal><-130.8697><264.9102><-8~182~475~187~465~-2~78.99997~-325~0~1~1~longsharp~0~0.5~0.25~0.5~0.25~0.5~0~0.5, CustomDecal><397><184><-32~208~174~256~238~40~-315~-19~0.1956521~1~1~cartoonface~0.3043474~0.3043474~0.3043474~0.3043474~0.3043474~0.3043474~0.3043474~0.3043474, CustomDecal><322><365><-8~182~475~187~465~-2~-288~-202~0.6521739~1~1~greybones~0.2608695~0.5~0.2608695~0.5~0.2608695~0.5~0.2608695~0.5, CustomDecal><861.9929><304.0044><-13~147~343~251~393~70~99~-283~0.6521739~1~1~greybubbly~0.2065217~0.5~0.2065217~0.5~0.2065217~0.5~0.2065217~0.5, CustomDecal><996.9998><306><-57~243~435~351~536~84~187~-348~0.6521739~1~1~gummiworms~0.2065217~0.5~0.2065217~0.5~0.2065217~0.5~0.2065217~0.5, CustomDecal><1247><188><-32~208~174~256~238~40~-315~-19~0.1956521~1~1~goblin~0.2065211~0.3043474~0.2065211~0.3043474~0.2065211~0.3043474~0.2065211~0.3043474, CustomDecal><1558><213><-11~367~232~371~231~-8~-315~-19~0.1956521~1~1~verticalmess~0.3043472~0.3043474~0.3043472~0.3043474~0.3043472~0.3043474~0.3043472~0.3043474, CustomDecal><1024><19><-14~734~736~720~737~10~-207~49~0~1~1~rustb2~0.2065211~0.7065212~0.2065211~0.7065212~0.2065211~0.7065212~0.2065211~0.7065212, CustomDecal><74><-27><-14~734~736~720~737~10~-202~44~0~1~1~rustb2~0.2065211~0.7065212~0.2065211~0.7065212~0.2065211~0.7065212~0.2065211~0.7065212, CustomDecal><417><82><11~218~248~257~252~7~-202~44~0~1~1~yellowrust2~0.108695~0.3043472~0.108695~0.3043472~0.108695~0.3043472~0.108695~0.3043472, CustomDecal><1072><-34.98272><4~323~315~328~294~3~-202~44~0~1~1~yellowrust2~0.108695~0.3043472~0.108695~0.3043472~0.108695~0.3043472~0.108695~0.3043472, 
FadePalette: 4984, 0.6086956, 0.4565217
