Palette: 4987
PlacedObjects: CustomDecal><395.6842><481.1888><-4~190~370~196~373~-7~-286~-215~0.2934783~0.4021739~0.5~alienletterb&w~0.25~0.4021739~0.25~0.4021739~0.25~0.4021739~0.25~0.4021739, CustomDecal><486><258><-3~347~326~350~314~0~-286~-215~0.5108696~1~0.5~frankencat~0.3586957~0.4565217~0.3586957~0.4565217~0.3586957~0.4565217~0.3586957~0.4565217, CustomDecal><158><106><-2~604~468~608~461~-2~-327~-40~0~1~1~rust3~0.1521739~0.8043478~0.1521739~0.8043478~0.1521739~0.8043478~0.1521739~0.8043478, 
FadePalette: 4984, 0.7065217
MorePalette0: 4988, 0.4565217
