Palette: 4988
PlacedObjects: LightSource><263.2066><493.9938><0.05654443~Environment~281.026~-219.2889~169.525~-68.41968~1~1~None~0~0, CustomDecal><227.9697><60.35038><3.557312~300.9778~502.4479~296.7111~506.0051~12.8~-346.4802~-86.75554~0.2783964~0.4896061~1~shinytag~0.5~0.05413254~0.5~0.05413254~0.5~0.05413254~0.5~0.05413254, CustomDecal><58.18542><273.9555><17.78647~322.3111~124.6635~329.4222~126.0864~5.688904~287.4292~-37.68887~0.2783964~0.4896061~0.5050725~tallsquid~0.6546644~0.7501248~0.6546644~0.7501248~0.6546644~0.7501248~0.6546644~0.7501248, CustomDecal><341.3459><325.8667><9.960388~264.7111~432.0135~168.7111~436.9937~-5.688873~-249.7219~-169.9555~0~0.06427798~0.5050725~squidsoup(b&w)~0.159737~0.2551973~0.159737~0.2551973~0.159737~0.2551973~0.159737~0.2551973, CustomDecal><4.826035><24.35556><-20.63232~654.4~557.9416~666.4888~543.001~-25.59998~-268.9313~-9.2444~0~1~1~rust2~0.159737~0.7501249~0.159737~0.7501249~0.159737~0.7501249~0.159737~0.7501249, CustomDecal><174.8645><40.71111><1.422882~231.2889~178.0228~232.711~176.5999~27.02224~-268.9313~-9.2444~0~1~1~yellowrust2~0.2525359~0.2551976~0.2525359~0.2551976~0.2525359~0.2551976~0.2525359~0.2551976, 
FadePalette: 4984, 0.8043478
