Palette: 4987
PlacedObjects: CustomDecal><-19.93994><168.3126><1~732~576~725~565~-19~-342~17~0~1~0~rustb2~0.25~0.75~0.25~0.75~0.25~0.75~0.25~0.75, CustomDecal><292><48><1~732~576~725~571~63~-342~17~0~1~0~rustb2~0.25~0.75~0.25~0.75~0.25~0.75~0.25~0.75, CustomDecal><227><231><1~303~260~276~258~7~-334~-179~0~1~0~yellowrust3~0.25~0.75~0.25~0.75~0.25~0.75~0.25~0.75, CustomDecal><493><167><-15~219~331~276~386~60~-310~-113~0~1~0.5~qtpi_hootissit~0.4565217~0.25~0.4565217~0.25~0.4565217~0.25~0.4565217~0.25, CustomDecal><-129><504><48~222~339~137~258~-70~-56~-339~0~1~0.5~purplesoda~0.1521739~0.25~0.1521739~0.25~0.1521739~0.25~0~0.25, CustomDecal><33><167><-3~162~557~169~564~-16~-246~-51~0.2717391~0.3804348~0.5~ghosthand~0.1521739~0.25~0.1521739~0.25~0.1521739~0.25~0.1521739~0.25, 
FadePalette: 4984, 0.75
