PlacedObjects: DayNightSettings><3336.052><263.028><587~68.66025~4985~10, CustomDecal><38.34692><215.3251><-3~290~312~290~314~-1~-312~-71.99998~0.2717391~1~0.75~vrodied~0.6521739~0.2065217~0.6521739~0.2065217~0.6521739~0.2065217~0.6521739~0.2065217, CustomDecal><386><444><-3~238~442~261~455~-4~-289~-246~0.2717391~0.423913~0.5543478~pinkbubbly~0.4021739~0.5~0.4021739~0.5~0.4021739~0.5~0.4021739~0.5, CustomDecal><242><-26><-3~738~637~751~628~-7~-413~58~0~1~1~rust2~0.2065217~0.8043478~0.2065217~0.8043478~0.2065217~0.8043478~0.2065217~0.8043478, 
FadePalette: 4987, 0.6086956
MorePalette0: 4988, 0.25
