Palette: 4987
PlacedObjects: CustomDecal><124.7555><241.3001><2~515~774~486~772~-10~-360~-62~0.6086956~1~0.5~full wall~0.3043478~0.4021739~0.3043478~0.4021739~0.3043478~0.4021739~0.3043478~0.4021739, CustomDecal><121.4213><310.4338><-31~180~165~230~221~36~-332~-216~0~1~0.5~cyansperm~0.05434782~0.7065217~0.25~0.7065217~0.1521739~0.7065217~0~0.7065217, CustomDecal><105><424><0~198~329~197~325~-1~-332~-216~0.3043478~0.4130435~0.5~bluebrownbutblackwhite~0.4565217~0.4021739~0.4565217~0.4021739~0.4565217~0.4021739~0.4565217~0.4021739, CustomDecal><123><53><-8~638~651~631~646~1~-109~6~0~1~1~rust3~0.25~0.8043478~0.25~0.8043478~0.25~0.8043478~0.25~0.8043478, 
FadePalette: 4984, 0.6521739
MorePalette0: 4988, 0.2065217
