Palette: 4987
PlacedObjects: LightSource><464.5532><341.5358><0.05434782~Environment~-134~141~50~86.60254~1~1~None~0~0, CustomDecal><296.0704><198.088><-2~178~222~169~216~13~-329~1~0~1~1~yellowrust2~0.1521739~0.25~0.1521739~0.25~0.1521739~0.25~0.1521739~0.25, CustomDecal><87><156><0~332~759~382~760~-15~-329~1~0~1~1~rustb2~0.05434782~0.75~0.05434782~0.75~0.05434782~0.75~0.05434782~0.75, 
FadePalette: 4988, 0.7525363
