Palette: 4988
PlacedObjects: LightSource><439.6237><361.4072><0.05434782~Environment~269~-206~50~86.60254~1~1~None~0~0, CustomDecal><40.52277><13.1987><-4~657~626~706~616~-69~-301~28~0~1~1~rustb2~0.25~1~0.25~1~0.25~1~0.25~1, CustomDecal><210><72><3~253~245~267~236~-4~-301~28~0~1~1~yellowrust3~0.1086956~1~0.1086956~1~0.1086956~1~0.1086956~1, CustomDecal><411><-24><3~253~245~267~238~18~-301~28~0~1~1~yellowrust3~0.1086956~1~0.1086956~1~0.1086956~1~0.1086956~1, CustomDecal><169><196><6~380~394~376~359~-14~-301~28~0.6195652~1~1~tall b&w~0.2065217~0.5~0.2065217~0.5~0.2065217~0.5~0.2065217~0.5, CustomDecal><407><314><-2~220~474~225~482~-7~-301~28~0.2717391~1~1~nosebleed~0.3043478~0.25~0.3043478~0.25~0.3043478~0.25~0.3043478~0.25, 
FadePalette: 4984, 0.75
