Palette: 4976
PlacedObjects: LightSource><426.6873><444.6799><0.0326087~Environment~211~68~50~86.60254~1~1~None~0~0, CustomDecal><130.3439><314.1249><4~181~192~154~194~-24~-330~-43~0~1~0.5~yellowrust3~0.25~0.75~0.25~0.75~0.25~0.75~0.25~0.75, CustomDecal><459><339><-1~180~196~199~193~20~-332~-203~0~1~0.5~yellowrust3~0.1521739~0.75~0.1521739~0.75~0.1521739~0.75~0.1521739~0.75, CustomDecal><171><231><-4~316~327~346~323~-15~-332~-203~0~1~0.5~blackrust1~0.5~0.75~0.5~0.75~0.5~0.75~0.5~0.75, CustomEntranceSymbol><706.5764><449.1506><-212.6795~67~ShortcutDoubleShelter~0.25, 
FadePalette: 4988, 0.9021739
