Palette: 4989
EffectColorB: 9
PlacedObjects: EEGhostSpot><172.4832><528.6993><,  LightSource><-110.6318><763.9114><0.2065217~Environment~970~-710~173~-150.3975~1~1~None~0~0, LightSource><1028><735><0.2065217~Environment~-834~-477~-276~-190.3975~1~1~None~0~0, LightSource><658><627><0.2065217~Environment~-433~-393~-276~-190.3975~1~1~None~0~0, LightSource><37><133><0.2065217~Environment~-433~-393~-276~-190.3975~1~1~None~0~0, LightSource><977><126><0.2065217~Environment~-456~115~-276~-190.3975~1~1~None~0~0, LightSource><548><603><0.2065217~Environment~-644~140~-276~-190.3975~1~1~None~0~0, CustomDecal><176.6181><42.59964><-4~766~732~768~715~-5~-340~-73~0~1~0.7065217~rustb2~0.1521739~0.6086956~0.1521739~0.6086956~0.1521739~0.6086956~0.1521739~0.6086956, SnowSource><543.5054><572.7><Radial~573~-521~30~-116.3974~0.4565217~1, SnowSource><465><736><Radial~156~5~30~-116.3974~0.4565217~1, SnowSource><769><413><Radial~156~5~30~-116.3974~0.4565217~1, 
AmbientSounds: OMNI><am_win-wndtone.ogg><305.6166><112.3376><0.4565217><1, OMNI><am_win-nicewnd.ogg><722.1996><235.0127><0.3586957><1, SPOT><am_win-medwind.ogg><838.6119><505.3343><0.5><1><543.6119><814.3343><-128.3553><-145.3553><0><0.502174, 
FadePalette: 4987, 0.1086956
