Palette: 491
PlacedObjects: DayNightSettings><3336.052><263.028><587~68.66025~4985~10, LightSource><946.3><1414.997><0.1086956~Environment~-948~-539~-346~-406.3975~1~1~None~0~0, CustomDecal><365.5742><873.3455><-3~778~473~776~484~25~-293~-35~0~1~1~rustb2~0.1521739~1~0.1521739~1~0.1521739~1~0.1521739~1, CustomDecal><120><815><-3~778~473~776~484~25~-293~-35~0~1~1~rustb2~0.1521739~1~0.1521739~1~0.1521739~1~0.1521739~1, CustomDecal><626><349.0803><-3~778~473~776~484~25~-293~-35~0~1~1~rustb2~0.1521739~1~0.1521739~1~0.1521739~1~0.1521739~1, CustomDecal><14><96.01216><-3~778~616~776~621~19~-293~-35~0~1~1~rustb2~0.25~1~0.25~1~0.25~1~0.25~1, CustomDecal><81><1026><11~498~541~434~499~-93~-293~-35~0.6304348~0.7717391~0.5~candytag~0.1086956~0.25~0.1086956~0.25~0.1086956~0.25~0.1086956~0.25, CustomDecal><184><1003><-86~327~284~458~389~150~-293~-35~0.6304348~0.7826087~0.5~ghostsplash~0.2065217~0.75~0.2065217~0.75~0.2065217~0.75~0.2065217~0.75, CustomDecal><115><864><-12~192~345~152~330~13~-293~-35~0~0.7826087~0.5~noseninja~0.2065217~0.25~0.2065217~0.25~0.2065217~0.25~0.2065217~0.25, CustomDecal><157><175.0369><-13~295~567~320~574~4~-293~-35~0.2717391~1~0.5~greybones~0.2065217~0.25~0.2065217~0.25~0.2065217~0.25~0.2065217~0.25, CustomDecal><161><169><27~283~419~247~377~-47~-293~-35~0.2717391~1~0.5~shinytag~0.3043478~0.25~0.3043478~0.25~0.3043478~0.25~0.3043478~0.25, CustomDecal><73><401><-48~436~219~425~208~10~-293~-35~0~1~0.5~pink tag~0.2065217~0.25~0.2065217~0.25~0.2065217~0.25~0.2065217~0.25, CustomDecal><850><470><9~429~219~425~208~10~-293~-35~0~1~0.5~actual vertical pink~0.25~0.25~0.25~0.25~0.25~0.25~0.25~0.25, CustomDecal><674><385.0001><-36~84~64~159~139~45~-293~-35~0~1~0.5~lilowl~0.2065217~0.75~0.2065217~0.75~0.2065217~0.75~0.2065217~0.75, CustomDecal><643><185><-36~198~345~108~259~-89~-293~-35~0~1~0.5~whitejunkscribble~0.1521739~0.75~0~0.75~0~0.75~0.1086956~0.75, CustomDecal><165><936.0002><-9~202~224~210~199~-44~-293~-35~0~1~0.5~yellowrust1~0.1086956~0.75~0.1086956~0.75~0.1086956~0.75~0.1086956~0.75, CustomDecal><229><124.0093><-9~202~221~228~199~-44~-293~-35~0~1~0.5~yellowrust1~0.1086956~0.75~0.1086956~0.75~0.1086956~0.75~0.1086956~0.75, 
FadePalette: 4984, 0.9021739, 1
