Palette: 4988
PlacedObjects: DayNightSettings><3336.052><263.028><587~68.66025~4985~10, LightSource><437.1619><448.3674><0.0326087~Environment~320~154~110~-20.39746~1~1~None~0~0, CustomDecal><127.1325><1070.15><-32~-56~-83~-2~-38~36~275~-14~0~1~1~scroungermark arrow~1~0.5~1~0.5~1~0.5~1~0.5, CustomDecal><191><1022><-2~51~71~58~63~5~126~-143~0~1~1~scroungermark~1~0.5~1~0.5~1~0.5~1~0.5, CustomDecal><208><1277><0~73~204~66~192~-4~-311~-295~0~1~1~scroungermark wingedorb~1~0.5~1~0.5~1~0.5~1~0.5, CustomDecal><58><164><2~744~777~753~769~-21~-276~-111~0~1~1~rustb2~0.25~0.75~0.25~0.75~0.25~0.75~0.25~0.75, CustomDecal><16><753.7746><2~744~777~753~769~-21~-232~112~0~1~1~rustb2~0.1086956~0.75~0.1086956~0.75~0.1086956~0.75~0.1086956~0.75, CustomDecal><469><1182><-4~-59~-67~-65~-74~-5~89~-45~0.2608696~1~1~scroungermark arrow~1~0.25~1~0.25~1~0.25~1~0.25, CustomDecal><-12><476.999><-13~223~333~235~303~-17~-155~-193~0~0.1956522~1~strandedlizard~0~0.25~0.1086956~0.25~0.1521739~0.25~0.1521739~0.25, CustomDecal><-28><358><-1~200~297~203~294~-6~-49~-267~0.2608696~1~1~qtpi_recordplayer~0.5~0.25~0.5~0.25~0.5~0.25~0.5~0.25, CustomDecal><184><323><-3~216~206~225~203~-14~-118~-229~0.2608696~1~1~chaoticb&w2~0.1521739~0.25~0.1521739~0.25~0.1521739~0.25~0.1521739~0.25, ColouredLightSource><92.8316><1067.817><100~50~FF522E~101^23~0.4673913~False~0.5~0~0.5~Always~0~100, ColouredLightSource><110><1064><-254~120~FF522E~90^23~0.05434782~True~1~0~0.5~Always~0~100, ColouredLightSource><423><1157><-376~-91~FF522E~147^45~0.06521739~True~1~0~0.5~Always~0~100, ColouredLightSource><305><1308><-376~-91~FF522E~158^26~0.05434782~True~1~0~0.5~Always~0~100, ColouredLightSource><302><1288><181~-178~FF522E~222^96~0.173913~False~0.5~0~0.5~Always~0~100, 
FadePalette: 4984, 0.4565217, 0.3586957
