EffectColorA: 0
PlacedObjects: MudPit><-192.3536><-35.32891><573~28~199, MudPit><1350><-36><848~34~244, CustomEntranceSymbol><1906.647><472.9212><-287.6795~-123~ShortcutDoubleShelter~0.25, MudPit><371><-32><211~9~226, MudPit><1098><-34.71736><246~10~176, CustomDecal><1251.3><173.2629><-4~769~737~772~734~0~21~32~0~1~0.6086956~rustb1~0.3043478~0.5543478~0.3043478~0.5543478~0.3043478~0.5543478~0.3043478~0.5543478, CustomDecal><832><-31><-4~769~737~772~734~0~21~32~0~1~0.6086956~rustb1~0.3043478~0.5543478~0.3043478~0.5543478~0.3043478~0.5543478~0.3043478~0.5543478, CustomDecal><35><125.0436><-4~769~737~772~734~0~21~32~0~1~0.6086956~rustb1~0.3043478~0.5543478~0.3043478~0.5543478~0.3043478~0.5543478~0.3043478~0.5543478, CustomDecal><317><-28.99999><0~626~733~553~734~0~-237~107~0~1~0.6086956~rustb1~0.3043478~0.5543478~0.3043478~0.5543478~0.3043478~0.5543478~0.3043478~0.5543478, CustomDecal><830><-38><0~626~566~614~561~67~-237~107~0~1~0.6086956~rustb1~0.3043478~0.5543478~0.3043478~0.5543478~0.3043478~0.5543478~0.3043478~0.5543478, 
FadePalette: 4987, 0.75, 0.8043478
