Palette: 4987
PlacedObjects: LightSource><-51.96167><632.9463><0.2065217~Environment~734~-462~317~-202.3975~1~1~None~0~0, LightSource><521><669><0.2065217~Environment~-217~-504~317~-202.3975~1~1~None~0~0, LightSource><-197><208><0.2065217~Environment~-217~-504~317~-202.3975~1~1~None~0~0, LightSource><1282><719.0326><0.2065217~Environment~-283~-647~317~-202.3975~1~1~None~0~0, LightSource><1838><669><0.2065217~Environment~-199~-545~317~-202.3975~1~1~None~0~0, CustomDecal><47.91876><77.14268><-11~709~673~723~664~-22~-243~166~0~1~0.7065217~rustb3~0.1521739~0.6086956~0.1521739~0.6086956~0.1521739~0.6086956~0.1521739~0.6086956, CustomDecal><-192><-28.99999><-11~709~673~723~664~-22~-243~166~0~1~0.7065217~rustb3~0.1521739~0.6086956~0.1521739~0.6086956~0.1521739~0.6086956~0.1521739~0.6086956, CustomDecal><561><206><-11~709~673~723~664~-22~-243~166~0~1~0.7065217~rustb3~0.1521739~0.6086956~0.1521739~0.6086956~0.1521739~0.6086956~0.1521739~0.6086956, CustomDecal><1143><7><-11~709~673~723~664~-22~-243~166~0~1~0.7065217~rustb3~0.1521739~0.6086956~0.1521739~0.6086956~0.1521739~0.6086956~0.1521739~0.6086956, CustomDecal><1617><193><-11~709~673~723~664~-22~-243~166~0~1~0.7065217~rustb3~0.1521739~0.6086956~0.1521739~0.6086956~0.1521739~0.6086956~0.1521739~0.6086956, CustomDecal><623><194.9879><-1~322~1043~329~1043~-29~-281~-46.00002~0.2934783~1~0.6086956~unq - gas mask~0.4565217~0.1086956~0.4565217~0.1086956~0.4565217~0.1086956~0.4565217~0.1086956, CustomDecal><1005><161><-5~208~368~271~397~22~-281~-46.00002~0.2934783~1~0.6086956~squarebird~0.3586957~0.1086956~0.3586957~0.1086956~0.3586957~0.1086956~0.3586957~0.1086956, CustomDecal><635><84.99601><-5~351~621~395~633~-57~-281~-46.00002~0.1956522~1~0.6086956~brainghosts~0.5~0.1086956~0.5~0.1086956~0.5~0.1086956~0.5~0.1086956, CustomDecal><1588><209><-10~264~282~265~279~13~-281~-46.00002~0.1956522~1~0.6086956~skullduckpng~0.3586957~0.25~0.3586957~0.25~0.3586957~0.25~0.3586957~0.25, CustomDecal><67><134.0103><-10~264~406~269~388~42~-281~-46.00002~0.1956522~1~0.6086956~pinkbubbly~0.5~0.25~0.5~0.25~0.5~0.25~0.5~0.25, 
FadePalette: 4989, 0.5, 0.6521739
