PlacedObjects: DayNightSettings><3336.052><263.028><587~68.66025~4985~10, CustomDecal><-12.55707><105.3027><0~681~694~723~703~-35~-295~267~0~1~0.6521739~rust2~0.1086956~0.6086956~0.1086956~0.6086956~0.1086956~0.6086956~0.1086956~0.6086956, CustomDecal><343><213><0~681~694~723~703~-35~-295~267~0~1~0.6521739~rust2~0.1086956~0.6086956~0.1086956~0.6086956~0.1086956~0.6086956~0.1086956~0.6086956, CustomDecal><29><755><0~681~905~732~917~-9~-295~267~0~1~0.6521739~rust2~0.25~0.6086956~0.25~0.6086956~0.25~0.6086956~0.25~0.6086956, CustomDecal><187><-1.999996><-6~246~278~264~277~-35~-295~267~0~1~0.6521739~yellowrust3~0.1521739~0.6086956~0.1521739~0.6086956~0.1521739~0.6086956~0.1521739~0.6086956, CustomDecal><517><-7.999996><-6~246~278~264~277~-35~-295~267~0~1~0.6521739~yellowrust3~0.1521739~0.6086956~0.1521739~0.6086956~0.1521739~0.6086956~0.1521739~0.6086956, CustomDecal><162><446.1059><-12~266~290~300~277~-35~-303~-196~0~1~0.6521739~yellowrust3~0.1086956~0.6086956~0.1086956~0.6086956~0.1086956~0.6086956~0.1086956~0.6086956, CustomDecal><31><632><-4~236~290~300~277~-35~-303~-196~0~1~0.6521739~yellowrust3~0.1086956~0.6086956~0.1086956~0.6086956~0.1086956~0.6086956~0.1086956~0.6086956, CustomDecal><164><900><-9~304~369~323~376~-26~-320~-3~0.2717391~1~0.6521739~lashesmouse~0.4565217~0.25~0.4565217~0.25~0.4565217~0.25~0.4565217~0.25, CustomDecal><453><851><-10~359~378~374~376~-26~-320~-3~0.2717391~1~0.6521739~boxbird~0.4565217~0.25~0.4565217~0.25~0.4565217~0.25~0.4565217~0.25, CustomDecal><78><901><-11~433~816~465~822~2~-320~-3~0.2717391~1~0.6521739~noseninja~0.25~0.1521739~0.25~0.1521739~0.25~0.1521739~0.25~0.1521739, CustomDecal><80><347><7~293~823~311~822~2~-51~-162~0.2717391~0.5760869~0.6521739~greenwhite(var)~0.25~0.1521739~0.25~0.1521739~0.25~0.1521739~0.25~0.1521739, CustomDecal><-36><397><-2~356~1006~378~1001~-17~-126~-5~0.6086956~1~0.6521739~greenwhite~0.25~0.1521739~0.25~0.1521739~0.25~0.1521739~0.25~0.1521739, 
FadePalette: 4987, 0.6521739, 0.7065217
MorePalette0: 4988, 0.4021739, 0.3043478
