Palette: 4988
PlacedObjects: DayNightSettings><3336.052><263.028><587~68.66025~4985~10, LightSource><943.9492><320.7324><0.05434782~Environment~306~78~153~-96.39746~1~1~None~0~0, CustomDecal><1077.137><67.58527><1~600~497~562~489~4~-264~-60~0~1~0.5~rustb2~0.25~0.75~0.25~0.75~0.25~0.75~0.25~0.75, CustomDecal><369><29><-4~589~846~546~851~-12~-264~-60~0~1~0.5~rustb2~0.1521739~0.75~0.1521739~0.75~0.1521739~0.75~0.1521739~0.75, CustomDecal><547><382.8874><2~208~287~214~293~-9~-313~-200~0~1~1~pipetapir~0.25~0.25~0.25~0.25~0.25~0.25~0.25~0.25, CustomDecal><1512><372><53~211~266~144~191~-74~-313~-200~0~1~0.5~qtpi_happyguy~0.1086956~0.25~0.1086956~0.25~0.1086956~0.25~0.1086956~0.25, CustomDecal><1079><125><5~236~238~233~243~12~-248~-136~0~1~0.5~yellowrust2~0.1086956~0.25~0.1086956~0.25~0.1086956~0.25~0.1086956~0.25, CustomDecal><760.9998><66><5~236~238~233~243~12~-329~-15~0~1~0.5~yellowrust2~0.1086956~0.25~0.1086956~0.25~0.1086956~0.25~0.1086956~0.25, CustomDecal><48><53><-4~252~251~258~243~12~-329~-15~0~1~0.5~yellowrust2~0.1086956~0.25~0.1086956~0.25~0.1086956~0.25~0.1086956~0.25, CustomDecal><224><179><-9~288~219~298~239~21~-305~-76~0~1~0.75~qtpi_cutefella~0.05434782~0.25~0.05434782~0.25~0.05434782~0.25~0.05434782~0.25, CustomDecal><610><260><25~170~193~142~135~-37~-261~-253~0.2608696~1~0.75~blackcloud~0.25~0.25~0.25~0.25~0.25~0.25~0.25~0.25, CustomDecal><785><176.97><0~364~750~398~769~-13~119~-171~0.6086956~1~0.5~bluewhitejunk~0.1086956~0.25~0.1086956~0.25~0.1086956~0.25~0.1086956~0.25, 
FadePalette: 4984, 0.4565217, 0.5543478
