Palette: 4988
PlacedObjects: DayNightSettings><3336.052><263.028><587~68.66025~4985~10, LightSource><954.1246><1431.156><0.1086954~Environment~-906~-587~-177~-212.3975~1~1~None~0~0, CustomDecal><12.61905><832.8491><-13~773~661~772~657~8~-315~-9~0~1~1~rustb3~0.25~0.75~0.25~0.75~0.25~0.75~0.25~0.75, CustomDecal><640><37.00024><-13~773~500~772~488~-2~538~10~0~1~1~rustb3~0.25~0.75~0.25~0.75~0.25~0.75~0.25~0.75, CustomDecal><491><752.0141><-13~773~500~772~488~-2~-371~17~0~1~1~rustb3~0.1086956~0.75~0.1086956~0.75~0.1086956~0.75~0.1086956~0.75, CustomDecal><135><744.0002><7~230~229~233~227~1~-235~158~0~1~1~yellowrust3~0.1521739~0.75~0.1521739~0.75~0.1521739~0.75~0.1521739~0.75, CustomDecal><766><0><7~230~229~233~227~1~-235~158~0~1~1~yellowrust3~0.1521739~0.75~0.1521739~0.75~0.1521739~0.75~0.1521739~0.75, CustomDecal><475><1016><7~230~296~169~284~-4~-235~158~0~1~1~qtpi_imbecile~0.1086956~0.25~0.1086956~0.25~0.1086956~0.25~0.1086956~0.25, CustomDecal><574><49><0~639~233~640~235~-3~-235~158~0~1~1~qtpi_slaphand~0.3586957~0.25~0.3586957~0.25~0.3586957~0.25~0.3586957~0.25, CustomDecal><116><1095><0~279~277~279~272~-6~-285~-191~0.5978261~1~1~frankencat~0.2065217~0.25~0.2065217~0.25~0.2065217~0.25~0.2065217~0.25, CustomDecal><414><1034><-1~242~378~198~230~-116~-285~-191~0.4565217~1~1~tall b&w~0.1086956~0.25~0.1086956~0.25~0.1086956~0.25~0.1086956~0.25, 
FadePalette: 4984, 0.9021739, 0.8043478
