Palette: 4987
PlacedObjects: CustomDecal><376.4073><489.0728><-4~253~210~265~208~-4~-289~-107~0~1~0.5~goblin~0.3586957~0.25~0.3586957~0.25~0.3586957~0.25~0.3586957~0.25, CustomDecal><122><162><-4~253~210~265~208~-4~-289~-107~0.2717391~1~0.5~cartooncat~0.2065217~0.25~0.2065217~0.25~0.2065217~0.25~0.2065217~0.25, CustomDecal><630><863><-8~215~226~245~231~-4~-438~109~0.2717391~1~0.5~tall b&w~0.4565217~0.3586957~0.4565217~0.3586957~0.4565217~0.3586957~0.4565217~0.3586957, CustomDecal><255><776><-12~657~487~654~484~0~-193~43~0~1~1~rust1~0.1521739~0.8043478~0.1521739~0.8043478~0.1521739~0.8043478~0.1521739~0.8043478, CustomDecal><150><0><-9~911~617~962~612~-5~-193~43~0~1~1~rust1~0.2065217~0.8043478~0.2065217~0.8043478~0.2065217~0.8043478~0.2065217~0.8043478, 
FadePalette: 4984, 0.7065217, 0.6086956
MorePalette0: 4988, 0.4021739, 0.3043478
