Palette: 4987
PlacedObjects: LightSource><372.3287><735.8162><0.1086956~Environment~154~-740~106~-146.3975~1~1~None~0~0, LightSource><1129><740><0.1086956~Environment~154~-740~106~-146.3975~1~1~None~0~0, LightSource><1835><735.0152><0.1086956~Environment~159~-659~106~-146.3975~1~1~None~0~0, LightSource><2917><732><0.1086956~Environment~66~-557~106~-146.3975~1~1~None~0~0, 
FadePalette: 4984, 0.6086956, 0.5, 0.4021739
