Palette: 4987
PlacedObjects: CustomDecal><833.1862><307.8105><-9~338~513~361~503~-1~430~-17~0.5108696~1~1~ghostgraffiti~0.3043478~0.25~0.3043478~0.25~0.3043478~0.25~0.3043478~0.25, CustomDecal><2043><334.8629><1~519~661~525~655~-1~-298~-95~0.5108696~0.8152174~1~pointyarrows(var)~0.3043478~0.25~0.3043478~0.25~0.3043478~0.25~0.3043478~0.25, CustomDecal><2183><68.00001><2~254~429~259~427~-2~-217~37~0.2608696~1~1~bluewhitejunk~0.2065217~0.25~0.2065217~0.25~0.2065217~0.25~0.2065217~0.25, CustomDecal><2533><413><0~262~388~266~393~-8~-375~-255~0.2608696~0.4782609~1~purplesoda~0.2065217~0.25~0.2065217~0.25~0.2065217~0.25~0.2065217~0.25, CustomDecal><158><368.2333><-4~234~400~216~393~-8~-375~-255~0.2934783~0.7934783~1~bluebrown~0.2065217~0.25~0.2065217~0.25~0.2065217~0.25~0.2065217~0.25, CustomDecal><543><185><-1~472~341~500~352~-8~-375~-255~0.5652174~1~1~pipemonsters~0.1521739~0.25~0.1521739~0.25~0.1521739~0.25~0.1521739~0.25, CustomDecal><1151.976><174.0532><-8~471~482~483~486~-7~-281~25~0.02173913~0.4456522~0.5~yellowyou~0.1521739~0.1521739~0.1521739~0.1521739~0.1521739~0.1521739~0.1521739~0.1521739, CustomDecal><863.9998><-14.99999><2~763~713~763~712~-5~16~82~0~1~0.75~rust2~0.1086956~0.8043478~0.1086956~0.8043478~0.1086956~0.8043478~0.1086956~0.8043478, CustomDecal><393><177><2~763~713~763~712~-5~16~82~0~1~0.75~rust2~0.1086956~0.8043478~0.1086956~0.8043478~0.1086956~0.8043478~0.1086956~0.8043478, CustomDecal><1896><264><2~763~713~763~712~-5~16~82~0~1~0.75~rust2~0.1086956~0.8043478~0.1086956~0.8043478~0.1086956~0.8043478~0.1086956~0.8043478, 
FadePalette: 4984, 0.9021739, 0.8043478, 0.7065217
