PlacedObjects: DayNightSettings><3336.052><263.028><587~68.66025~4985~10, CustomDecal><193.09><295.8214><5~299~308~308~305~-8~-344~-62~0.2717391~1~0.5~whodoeshethinkheis~0.75~0.2065217~0.75~0.2065217~0.75~0.2065217~0.75~0.2065217, CustomDecal><438><289><-20~304~394~308~368~-10~-344~-62~0.2717391~1~0.5~chaoticb&w~0.5~0.1521739~0.5~0.1521739~0.5~0.1521739~0.5~0.1521739, CustomDecal><79><243><-4~404~810~424~804~-20~-344~-62~0.2717391~1~0.5~faceandtag~0.3043478~0.3043478~0.3043478~0.3043478~0.3043478~0.3043478~0.3043478~0.3043478, CustomDecal><91><1582><4~692~414~692~413~-15~-348~68~0~1~0.5~rust2~0.3043478~0.3043478~0.3043478~0.3043478~0.3043478~0.3043478~0.3043478~0.3043478, CustomDecal><419><1572><4~692~414~692~413~-15~-348~68~0~1~0.5~rust2~0.3043478~0.3043478~0.3043478~0.3043478~0.3043478~0.3043478~0.3043478~0.3043478, CustomDecal><154><841.0112><4~692~414~692~413~-15~-348~68~0~1~0.5~rust2~0.3043478~0.3043478~0.3043478~0.3043478~0.3043478~0.3043478~0.3043478~0.3043478, CustomDecal><428><803.0002><4~692~414~692~413~-15~-348~68~0~1~0.5~rust2~0.3043478~0.3043478~0.3043478~0.3043478~0.3043478~0.3043478~0.3043478~0.3043478, CustomDecal><126><-4.078655><-7~778~706~779~695~4~-348~68~0~1~0.5~rust2~0.3043478~0.3043478~0.3043478~0.3043478~0.3043478~0.3043478~0.3043478~0.3043478, CustomDecal><226><79><-3~302~262~324~249~-26~-348~68~0~1~0.5~yellowrust1~0.25~0.6086956~0.25~0.6086956~0.25~0.6086956~0.25~0.6086956, CustomDecal><536><89><-3~302~262~324~249~-26~-348~68~0~1~0.5~yellowrust1~0.25~0.6086956~0.25~0.6086956~0.25~0.6086956~0.25~0.6086956, CustomDecal><181><1887><-3~302~321~239~287~-27~-348~68~0~1~0.5~yellowrust1~0.25~0.6086956~0.25~0.6086956~0.25~0.6086956~0.25~0.6086956, CustomDecal><613><1015><-20~218~294~197~260~57~-348~68~0~1~0.5~yellowrust1~0.25~0.6086956~0.25~0.6086956~0.25~0.6086956~0.25~0.6086956, 
FadePalette: 4987, 0.5543478, 0.5543478, 0.6086956
MorePalette0: 4988, 0.2065217, 0.25, 0.3043478
