Palette: 4976
PlacedObjects: LightSource><1003.594><556.3749><0.05434782~Environment~-179~87~-302~-181.3975~1~1~None~0~0, LightSource><2726><539><0.05434782~Environment~-179~87~-302~-181.3975~1~1~None~0~0, CustomDecal><686.182><135.6671><-4~551~434~570~432~-23~-272~20~0~1~1~rust3~0.3043478~0.75~0.3043478~0.75~0.3043478~0.75~0.3043478~0.75, CustomDecal><1695><146><-4~551~261~530~264~-24~-272~20~0~1~1~rust3~0.3043478~0.75~0.3043478~0.75~0.3043478~0.75~0.3043478~0.75, CustomDecal><2349><102><-4~551~434~570~432~-23~-272~20~0~1~1~rust3~0.3043478~0.75~0.3043478~0.75~0.3043478~0.75~0.3043478~0.75, CustomDecal><3426><-30><-5~689~473~694~473~20~-272~20~0~1~1~rust3~0.1521739~0.75~0.1521739~0.75~0.1521739~0.75~0.1521739~0.75, CustomDecal><14><108><-4~551~261~530~264~-24~-272~20~0~1~1~rust3~0.1521739~0.75~0.1521739~0.75~0.1521739~0.75~0.1521739~0.75, 
FadePalette: 4988, 0.75, 0.7065217, 0.6521739, 0.6086956
