WaveSpeed: 0.4875083
WaveLength: 0.9937541
WaveAmplitude: 2.471132E-10
SecondWaveLength: 0.1666667
SecondWaveAmplitude: 0
PlacedObjects: DeepProcessing><370.2052><264.6949><0~40~42~41~42~-1~-17~132~0.3478261~1~0.5, DeepProcessing><571.949><263.9803><0~40~40~40~40~0~-142~150~0.3586957~1~0.5, DeepProcessing><363><326><1~140~17~139~17~1~-142~150~0.5217391~1~0.25, DeepProcessing><482><323><0~141~14~141~14~0~-142~150~0.5217391~1~0.25, 
FadePalette: 4989, 1
MorePalette0: 4979, 0.2065217, 0.1521739
