WaveSpeed: 0.4875083
WaveLength: 0.9937541
WaveAmplitude: 2.471132E-10
SecondWaveLength: 0.1666667
SecondWaveAmplitude: 0
PlacedObjects: DeepProcessing><370.2052><264.6949><0~40~92~39~92~-2~-17~132~0.3478261~1~0.5, DeepProcessing><513.949><264.9803><0~40~40~40~40~0~-142~150~0.3586957~1~0.5, DeepProcessing><363><326><1~140~17~139~17~1~-142~150~0.5217391~1~0.25, DeepProcessing><482><323><0~141~14~141~14~0~-142~150~0.5217391~1~0.25, 
FadePalette: 4986, 0.5, 0.25
MorePalette0: 4979, 0.3043478, 0.1521739
