Palette: 4988
PlacedObjects: DayNightSettings><3336.052><263.028><587~68.66025~4985~10, ShelterBhvrManager><-73.59024><333.3703><100~50~False~False~4~False~3~6~20~40~60~120~120~120~False, ShelterBhvrPlacedDoor><172.3095><468.4391><1^0, ShelterBhvrSpawnPosition><335.0585><430.5577><, ShelterBhvrSpawnPosition><309.579><289.6036><, ShelterBhvrSpawnPosition><366.6588><145.8715><, ShelterBhvrSpawnPosition><452.9404><452.3111><, ShelterBhvrSpawnPosition><452.8408><165.8789><, CustomDecal><130.8795><68.34036><-7~510~445~523~430~-57~-290~-41~0~1~0.6086956~rustb2~0.3043478~0.6521739~0.3043478~0.6521739~0.3043478~0.6521739~0.3043478~0.6521739, 
FadePalette: 4987, 0.75
