DangerType: None
RainIntensity: 0
RumbleIntensity: 0
CeilingDrips: 0
Grime: 0.25
WetTerrain: OFF
Palette: 4989
EffectColorA: 10
EffectColorB: 9
Effects: Coldness-0.1-30-107, Beetle-0.20-299-60, SeedBats-1-282.5677-49.91111,
AmbientSounds: OMNI><am_env-winterhum.ogg><719.8955><311.6372><0.3043478><1, OMNI><am_ind-factory01.ogg><724.0974><552.8708><0.4021739><1, 
