RainIntensity: 0.6
WaveSpeed: 0.5013898
WaveLength: 0.9493051
WaveAmplitude: 0.001
SecondWaveLength: 0.1666667
SecondWaveAmplitude: 0
Effects: LightBurn-0.05-0-0, Desaturation-0.1-0-0, 
PlacedObjects: LightSource><364.2086><369.8043><0.05434782~Environment~418~26~50~86.60254~1~1~None~0~0, CustomDecal><-1.698395><-32.52541><-1~765~733~731~723~22~-203~158~0~1~0.5~rustb2~0.25~0.6521739~0.25~0.6521739~0.25~0.6521739~0.25~0.6521739, CustomDecal><123><214><0~140~153~139~151~0~-77~171~0~1~0.5~squintcat~0.3586957~0.3043478~0.3586957~0.3043478~0.3586957~0.3043478~0.3586957~0.3043478, CustomDecal><588><119><-1~158~191~159~197~-8~-297~26~0~1~0.5~littledoll~0.25~0.3043478~0.1086956~0.3043478~0~0.3043478~0.05434782~0.3043478, 
FadePalette: 4972, 0.6521739
