RainIntensity: 0.2
WaveSpeed: 0.5013898
WaveLength: 0.9493051
WaveAmplitude: 0.001
SecondWaveLength: 0.1666667
SecondWaveAmplitude: 0
Clouds: 0.3
Effects: LightBurn-0.05-0-0, 
PlacedObjects: LightSource><364.2086><369.8043><0.05434782~Environment~418~26~50~86.60254~1~1~None~0~0, CustomDecal><-1.698395><-32.52541><-1~765~733~731~723~22~-203~158~0~1~0.5~rustb2~0.25~0.6521739~0.25~0.6521739~0.25~0.6521739~0.25~0.6521739, 
FadePalette: 4972, 0.5543478
