Template: DB_SettingsTemplate_Crypt
WaveSpeed: 0.5
WaveLength: 1
WaveAmplitude: 0
SecondWaveLength: 0.1666667
SecondWaveAmplitude: 0
Grime: 0.2061366
PlacedObjects: LightSource><162.6514><431.5209><0.03334377~Environment~178.5761~34.57776~412.1323~79.49142~1~1~None~0~0, LightSource><280.1604><363.4667><0.03334377~Environment~197.074~44.53336~412.1323~79.49142~1~1~None~0~0, LightSource><371.9385><225.5111><0.04880955~Environment~205.6115~-106.2222~412.1323~79.49142~1~1~None~0~0, LightSource><551.9375><398.3111><0.03334377~Environment~247.5876~70.84448~412.1323~79.49142~1~1~None~0~0, LightSource><776.7584><338.5778><0.03334377~Environment~-91.06659~168.2667~-398.2188~84.46919~1~1~None~0~0, LightSource><933.2792><330.7556><0.03334377~Environment~-112.4102~185.3333~-398.2188~84.46919~1~1~None~0~0, LightSource><1141.584><305.1555><0.03334377~Environment~118.1022~52.35556~412.1323~79.49142~1~1~None~0~0, LightSource><1332.255><327.9111><0.03334377~Environment~179.999~49.51117~412.1323~79.49142~1~1~None~0~0, LightSource><1225.536><156.5333><0.03334377~Environment~-113.1218~178.2222~-398.2188~84.46919~1~1~None~0~0, LightSource><1500.159><202.0444><0.03334377~Environment~-88.93213~105.6889~-398.2188~84.46919~1~1~None~0~0, LightSource><1652.411><490.7556><0.03334377~Environment~-143.003~48.80005~-392.5272~66.69135~1~1~None~0~0, LightSource><1234.074><309.4222><0.02561055~Environment~-88.22076~197.4222~-398.2188~84.46919~1~1~None~0~0, LightSource><903.2458><148><0.03334377~Environment~191.3826~105.6889~-81.61984~235.9359~1~1~None~0~0, LightSource><1442.531><394.7556><0.03334377~Environment~215.5721~92.1778~-102.9636~69.53595~1~1~None~0~0, LightSource><1158.659><446.6667><0.03334377~Environment~161.5013~85.06671~-102.9636~69.53595~1~1~None~0~0, 
FadePalette: 3, 0.03334477, 0.0333446
