WaveSpeed: 0.5
WaveLength: 1
WaveAmplitude: 0
SecondWaveLength: 0.1666667
SecondWaveAmplitude: 0
PlacedObjects: LightSource><261.1127><445.3546><0.05434782~Environment~273~-51~187~-79.39743~0~1~None~0~0, LightSource><643><303><0.02173913~Environment~320~-83~-37~84.60257~0~1~None~0~0, LightSource><1422><363><0.05434782~Environment~337~-157~187~-79.39743~0~1~None~0~0, LightSource><1012><466><0.02173913~EffectColor1~-202~-160~-346~-5.39743~0~1~None~0~0, CustomDecal><919.55><-28.25503><1~639~619~627~602~28~-295~129~0~1~0.6086956~rustb2~0.3043478~0.6521739~0.3043478~0.6521739~0.3043478~0.6521739~0.3043478~0.6521739, CustomDecal><272><51><1~639~619~627~602~28~-295~129~0~1~0.6086956~rustb2~0.3043478~0.6521739~0.3043478~0.6521739~0.3043478~0.6521739~0.3043478~0.6521739, SnowSource><238.8304><434.3559><Radial~158~-85~50~86.60254~0.5~1, SnowSource><186><462><Radial~85~-59~50~86.60254~0.5~1, 
FadePalette: 4972, 0.552174, 0.6521739
MorePalette0: 8, 0.05434782, 0.1086956
