WaveSpeed: 0.5
WaveLength: 1
WaveAmplitude: 0
SecondWaveLength: 0.1666667
SecondWaveAmplitude: 0
AmbientSounds: SPOT><so_ind-mechhum02.ogg><515.4031><535.6749><0.3586957><1><-46.59692><740.6749><389.6447><-104.3553><0><0.2086958, SPOT><so_ind-hvac.ogg><566.0704><297.9121><0.3043478><1><769.0704><1160.912><-159.3553><-106.3553><0><0.2086958, SPOT><so_ind-weirdvent.ogg><729.9641><388.5533><0.3043478><1><461.9641><1856.553><35.64465><-81.35535><0><0.154348, 
FadePalette: 4972, 0.4021739, 0.6086956, 0.7065217
