Template: NONE
Grime: 0.25
Palette: 4990
PlacedObjects: LightFixture><370.0598><422.4384><HolyFire~17.32051~-10~15, LightFixture><652.298><305.3058><HolyFire~17.32051~-10~75, 
FadePalette: 3, 0.1086956
