Template: DB_SettingsTemplate_Outside
WaveSpeed: 0.4987611
WaveLength: 0.9993805
WaveAmplitude: 3.631651E-05
SecondWaveLength: 0.1666667
SecondWaveAmplitude: 0
PlacedObjects: LightSource><-79.93634><545.7264><0.07974442~Environment~724.9761~-249.8666~644.7792~-70.55301~1~1~None~0~0, LightSource><191.9395><667.8222><0.05654509~Environment~713.5928~-238.4888~644.7792~-70.55301~1~1~None~0~0, LightSource><315.7333><384.8><0.04107799~Environment~483.7916~-167.3777~644.7792~-70.55301~1~1~None~0~0, LightSource><-3.000061><148><0.08747737~Environment~483.7916~-167.3777~644.7792~-70.55301~1~1~None~0~0, CustomDecal><45.16504><82.42923><-8.537476~523.5555~477.5469~531.3778~482.5271~-19.2~501.5781~237.5111~0~1~1~runningwhite~0.05920543~1~0.0128061~1~0.05920476~1~0.05147121~1, SnowSource><180.5072><548.6693><Radial~494.4634~-149.6~50~86.60254~0.3736078~0.1159986, DangleFruit><124.7151><126.4878><0~0~2~3, DangleFruit><89.91034><71.75289><0~0~2~3, LightSource><68.8573><419.6445><0.1184095~Environment~505.8468~-167.3777~644.7792~-70.55301~1~1~None~0~0, SnowSource><58.18546><369.8666><Radial~187.8249~-19.46667~50~86.60254~0.2885419~0.1159986, 
FadePalette: 40, 0.2
