Template: DB_SettingsTemplate_Outside
WaveSpeed: 0.4996008
WaveLength: 0.9998004
WaveAmplitude: 1.023561E-10
SecondWaveLength: 0.1666667
SecondWaveAmplitude: 0
PlacedObjects: InsectGroup><1030.697><1339.823><-98.8927~111.3778~-236.9156~-43.37775~StandardFly~0.2525363, CustomDecal><879.1913><975.759><-7.82605~364.2667~262.6865~394.8444~252.726~-51.2~-211.3031~83.91107~0~1~1~rust1~0.206137~1~0.4226678~1~0.3453349~1~0.2448027~1, CustomDecal><1017.628><1108.911><-7.82605~364.2667~262.6865~394.8444~254.8604~-26.31111~-211.3031~83.91107~0~1~1~rust1~0.206137~1~0.4226678~1~0.3453349~1~0.2448027~1, CustomDecal><247.1187><804.5555><-19.20938~495.8222~351.6187~503.6444~383.6344~11.37778~-211.3031~83.91107~0~1~1~rust1~0.02827221~1~0.06693865~1~0.06693832~1~0.0592051~1, LightSource><296.6935><1379.864><0.06427798~Environment~525.0563~-284.7112~183.7542~-69.1308~1~1~None~0~0, LightSource><147.5146><1130.956><0.09521087~Environment~483.7917~-279.0222~183.7542~-69.1308~1~1~None~0~0, LightSource><804.9021><1443.133><0.06427798~Environment~483.7917~-279.0222~183.7542~-69.1308~1~1~None~0~0, LightSource><126.1708><1458.067><0.09521138~Environment~872.2479~-403.4666~53.55733~-180.0641~1~1~None~0~0, LightSource><861.8187><1060.556><0.06427798~Environment~310.1959~-178.0444~183.7542~-69.1308~1~1~None~0~0, SnowSource><626.7573><1243.134><Radial~561.3408~-55.73325~50~86.60254~0.3658739~0.162398, SnowSource><156.7636><1260.378><Radial~643.87~-293.2443~-21.14581~-76.953~0.4277397~0.162398, LightSource><532.4136><1320.822><0.09521087~Environment~573.4354~-461.0667~183.7542~-69.1308~1~1~None~0~0, LightSource><901.6604><1477.267><0.09521138~Environment~357.8636~-401.3333~53.55733~-180.0641~1~1~None~0~0, LightSource><724.5181><356.3642><0.02561155~Environment~330.1166~161.1556~50~86.60254~1~1~None~0~0, CustomDecal><559.251><171.3727><-7.114594~158.7556~374.3854~105.4222~372.9625~-39.82222~-242.6073~108.0889~0.3325295~1~1~bonetype~0.2525361~0.193331~0.1984034~0.04639933~0.3685348~0.2474638~0.2293365~0.1159987, CustomDecal><814.9385><157.5555><-10.67188~514.3112~390.0375~581.8666~357.3104~-61.15556~-211.3031~83.91107~0~1~1~rust1~0.09013831~1~0.314402~1~0.1288041~1~0.1752034~1, DangleFruit><643.6398><390.4331><0~0~2~3, DangleFruit><682.191><421.2312><0~0~2~3, DangleFruit><746.0222><374.0024><0~0~2~3, 
AmbientSounds: SPOT><am_win-howlingwnd.ogg><711.2094><459.5401><0.1597376><1><621.0167><1325.073><515.3134><-368.1553><0><0.1, SPOT><am_win-medwind.ogg><537.1213><576.9576><0.5><1><754.2786><1402.669><227.1728><-272.1553><0><0.3551967, SPOT><noise wind.wav><370.6362><429.2703><0.3066688><1><207.8747><1413.559><84.88109><-127.0886><0><0.4015964, SPOT><am_ind-factory02.ogg><510.623><310.8589><0.5><1><1154.02><55.08115><-127.8449><83.40021><0><0.5098618, 
FadePalette: 40, 0.15, 0

